legende temporaire natureQ 1 mode2 0 sigma random r 1e-06 RouL 2e-06 ext 0 Ts 10 T 350 Vini 0 popvolumique 0 coefperte [1, 0] masse 1.672622e-27 nbsimu 1 para T saveposvvQ [1, 0] lpm 0 sticklist [10] paravariant [1, 10, 760.0, 100, 2]
TempsVie(s) ; Nb contacts ; SortieParTrou?
-8.849722093820722e-07 -4.92291976943368e-07 4.656438431048066e-07 1.2808275946883e-07 6.719851437836799e-08 0.0 10 1.1742962626517446e-09 1 0
2.3979666508445733e-07 3.2792214265207463e-07 -9.708231349810185e-07 -9.447047519508264e-07 1.562552634136314e-06 1.4226109480928137e-06 10 3.384820629208989e-10 1 0
-1.2664403582724673e-07 9.942434839286632e-07 9.919482285832195e-07 -1.0714427033394557e-07 7.209190929439197e-07 1.5374036283409087e-06 110 2.3085045067379815e-09 1 0
7.721078940943292e-07 9.259394452478733e-07 -6.354914632606956e-07 -3.776720054942654e-07 6.010003414096431e-07 6.950465218004737e-07 110 2.979371382235966e-10 1 0
7.644852007278772e-08 3.7488414497150764e-07 -9.970735297753523e-07 2.415422883199644e-07 1.2851598013631315e-06 2e-06 210 7.763024960272149e-10 0 1
-6.928390703501112e-07 -6.759933829134427e-07 -2.3154256499038025e-07 -2.733845018000225e-07 5.708230701836295e-07 8.370253438054648e-07 7.210922427792395e-07 -1.6976888210067276e-07 -9.728247738404259e-07 -8.107185781844389e-07 -8.210730920850683e-07 -5.471641196454163e-07 1.97673056170174e-06 0.0 2.4915656237457635e-07 0.0 1.4214089463012088e-06 6.712419347093953e-07 210 2.9453333086389697e-09 5 0
-6.161452369894253e-07 -4.083568455148298e-08 1.858526126595239e-07 4.663595353758329e-07 9.991658755518084e-07 -9.455173342618076e-07 0 1.012851973889559e-06 2e-06 310 1.2051214923197514e-09 1 1
6.91499208930519e-07 5.266280070913324e-07 7.223772172822635e-07 8.500958429183215e-07 9.200079671301814e-07 6.970350529775186e-07 310 2.3979609537007183e-10 1 0
-9.136185331803048e-07 -6.379926488011147e-07 6.890430010721881e-07 5.09836495965861e-07 9.818023089208739e-07 4.1777664677851543e-07 8.637952253465121e-07 -7.973833770561921e-08 4.065724730345973e-07 2.6856488517703063e-07 7.247204582964611e-07 4.434554225711367e-07 -1.8990583508055026e-07 -7.185266929258849e-07 5.038430397143228e-07 6.902163196917236e-07 5.543198860736942e-07 0.0 2.1183173849129075e-07 0.0 5.03652264835111e-07 0.0 1.0611943684692357e-06 2e-06 410 1.263649129349862e-09 6 1
8.161063948404096e-07 -6.450051693463236e-07 -2.1351589020532078e-07 -3.457065490262405e-07 -7.641782066485019e-07 -4.555433441417746e-07 0 1.5324880393459165e-06 2e-06 410 6.510613614428531e-10 1 1
-9.209572009989517e-07 -2.0144333201849788e-07 -2.3414596686271157e-07 -5.867644855818018e-07 3.896637446930063e-07 -9.336440143049043e-07 -9.722014535074126e-07 4.621294563874599e-07 1.8118942801362022e-06 -2.117582368135751e-22 5.4733761639461765e-08 2e-06 510 1.1460068518609433e-09 2 1
5.031962278697627e-07 2.592781727295107e-07 8.318577963664159e-07 -6.523664706634227e-07 1.1757565625301905e-08 -9.208625695941219e-07 -4.402807912071373e-07 8.641721797521845e-07 9.590403649539306e-07 5.54988834684456e-07 -7.579036798658182e-07 7.388285950139588e-08 -3.89887327211992e-07 5.257184909439732e-07 2.277210959939373e-07 0.0 3.287934641278067e-07 3.571263209845221e-07 0.0 8.615407303138635e-07 2e-06 510 8.779536511069026e-10 5 1
-4.6908759588280843e-07 -6.230232070723052e-07 5.817298378367998e-07 2.985935005461711e-07 -8.831516446165329e-07 -7.822033517246902e-07 -8.133820724422013e-07 -6.74826943635408e-07 5.82045207088009e-07 4.2331061603205676e-07 1.5107797544224594e-06 2e-06 610 5.855463557466658e-10 2 1
-8.046875414649791e-08 -9.999768777571173e-07 9.665583897355076e-07 7.078981037419687e-07 9.977611333712697e-07 -7.38178586342209e-07 -7.789750767665965e-07 -3.3987059439595177e-07 -9.96757131705668e-07 6.800290517892753e-09 2.5644664012597697e-07 2.414618708205137e-07 -6.687840259515134e-08 -6.746053473445187e-07 -6.270548857767356e-07 -9.047580735814242e-07 6.724724214840723e-07 4.496724439808485e-07 2.761674018556928e-07 0.0 5.554708697114852e-07 1.4259891712262186e-06 1.3769826572098206e-06 2e-06 610 2.6168615696610857e-09 6 1
1.5771676896108407e-07 1.6504461880720085e-07 9.799684198410256e-07 6.420080367771629e-07 -2.178213829401764e-07 9.53337337503797e-07 8.027249931632669e-07 9.917930043546756e-07 -3.1703831336778346e-07 3.100334576438361e-07 9.874843901492703e-07 9.545030662469815e-07 1.9915294653678397e-07 -4.1426088954295066e-07 -9.759886501051276e-07 3.0190713956640964e-07 3.9997528866081023e-07 -1.278539655745047e-07 -9.484127307543434e-07 3.451038266061913e-07 6.531757038709318e-08 0.0 3.467191290548013e-07 0.0 8.403679436306099e-07 1.601485936229339e-07 0.0 2.6644872079217705e-07 6.841423563965671e-07 2e-06 710 2.443894659067421e-09 8 1
-9.702484150937039e-07 -3.635454100114459e-07 2.421115714049119e-07 8.82093934496162e-07 1.3465855566460836e-06 2e-06 710 3.0601453829423045e-10 0 1